compound,neg,neu,pos
0.0,0.0,1.0,0.0
0.0,0.0,1.0,0.0
0.0,0.0,1.0,0.0
0.0,0.0,1.0,0.0
0.0,0.0,1.0,0.0
0.0,0.0,1.0,0.0
0.0,0.0,1.0,0.0
0.2263,0.0,0.787,0.213
0.0,0.0,1.0,0.0
0.0,0.0,1.0,0.0
0.0,0.0,1.0,0.0
0.0,0.0,1.0,0.0
0.0,0.0,1.0,0.0
0.0,0.0,1.0,0.0
0.0,0.0,1.0,0.0
0.0,0.0,1.0,0.0
0.0,0.0,1.0,0.0
0.0,0.0,1.0,0.0
0.0,0.0,1.0,0.0
0.0,0.0,1.0,0.0
0.0,0.0,1.0,0.0
0.0,0.0,1.0,0.0
0.0,0.0,1.0,0.0
0.0,0.0,1.0,0.0
-0.2732,0.123,0.877,0.0
0.0,0.0,1.0,0.0
0.0,0.0,1.0,0.0
0.4466,0.0,0.845,0.155
-0.2732,0.189,0.811,0.0
0.0,0.0,1.0,0.0
0.0,0.0,1.0,0.0
0.4939,0.0,0.682,0.318
0.0,0.109,0.783,0.109
0.2263,0.0,0.872,0.128
0.4215,0.0,0.641,0.359
-0.0516,0.131,0.75,0.119
-0.1531,0.167,0.833,0.0
0.0,0.0,1.0,0.0
0.0,0.0,1.0,0.0
0.4404,0.0,0.775,0.225
0.5423,0.0,0.757,0.243
0.0,0.0,1.0,0.0
0.0,0.0,1.0,0.0
0.0,0.0,1.0,0.0
0.0,0.0,1.0,0.0
0.0,0.0,1.0,0.0
-0.5423,0.28,0.72,0.0
0.0,0.0,1.0,0.0
0.3182,0.0,0.635,0.365
0.0,0.0,1.0,0.0
0.0,0.0,1.0,0.0
-0.296,0.121,0.879,0.0
0.0,0.0,1.0,0.0
0.0,0.0,1.0,0.0
0.0,0.0,1.0,0.0
0.2023,0.097,0.775,0.128
0.0,0.0,1.0,0.0
-0.4278,0.168,0.832,0.0
0.0,0.0,1.0,0.0
0.0,0.0,1.0,0.0
0.0,0.0,1.0,0.0
0.0,0.0,1.0,0.0
0.0,0.0,1.0,0.0
0.0,0.0,1.0,0.0
0.0,0.0,1.0,0.0
0.0,0.0,1.0,0.0
0.0,0.0,1.0,0.0
0.0,0.0,1.0,0.0
0.0,0.0,1.0,0.0
0.0,0.0,1.0,0.0
-0.2732,0.189,0.811,0.0
0.3818,0.0,0.698,0.302
0.0258,0.0,0.922,0.078
0.1027,0.139,0.694,0.167
-0.0772,0.14,0.86,0.0
0.0258,0.0,0.916,0.084
0.0,0.0,1.0,0.0
0.0,0.0,1.0,0.0
-0.2732,0.104,0.896,0.0
0.6369,0.0,0.724,0.276
0.2263,0.0,0.872,0.128
0.0,0.0,1.0,0.0
0.0,0.0,1.0,0.0
0.0,0.0,1.0,0.0
0.0,0.0,1.0,0.0
-0.0516,0.131,0.75,0.119
0.0,0.0,1.0,0.0
0.0,0.0,1.0,0.0
0.0,0.0,1.0,0.0
0.0,0.0,1.0,0.0
0.0,0.0,1.0,0.0
0.5423,0.0,0.757,0.243
0.0,0.0,1.0,0.0
0.2023,0.0,0.87,0.13
0.0,0.0,1.0,0.0
0.0,0.0,1.0,0.0
0.0,0.0,1.0,0.0
0.0,0.0,1.0,0.0
0.0,0.0,1.0,0.0
0.0,0.0,1.0,0.0
0.0,0.0,1.0,0.0
0.0,0.0,1.0,0.0
0.0,0.0,1.0,0.0
0.0,0.0,1.0,0.0
0.0,0.0,1.0,0.0
0.0,0.0,1.0,0.0
0.0,0.0,1.0,0.0
0.0,0.0,1.0,0.0
0.0,0.0,1.0,0.0
0.0,0.0,1.0,0.0
0.0,0.0,1.0,0.0
0.0,0.0,1.0,0.0
0.0,0.0,1.0,0.0
0.0,0.0,1.0,0.0
0.0,0.0,1.0,0.0
0.0,0.0,1.0,0.0
0.0,0.0,1.0,0.0
0.0,0.0,1.0,0.0
0.0,0.0,1.0,0.0
0.0,0.0,1.0,0.0
0.0,0.0,1.0,0.0
0.0,0.0,1.0,0.0
0.0,0.0,1.0,0.0
0.0,0.0,1.0,0.0
0.4588,0.0,0.842,0.158
0.0,0.0,1.0,0.0
0.0,0.0,1.0,0.0
0.3382,0.0,0.79,0.21
0.2263,0.0,0.872,0.128
0.0,0.0,1.0,0.0
0.1779,0.0,0.825,0.175
0.0,0.0,1.0,0.0
0.296,0.0,0.845,0.155
-0.2732,0.189,0.811,0.0
0.0,0.0,1.0,0.0
0.2732,0.0,0.861,0.139
0.0,0.0,1.0,0.0
0.0,0.0,1.0,0.0
0.0,0.0,1.0,0.0
0.0,0.0,1.0,0.0
0.0,0.0,1.0,0.0
-0.0516,0.131,0.75,0.119
-0.0772,0.14,0.86,0.0
0.0,0.0,1.0,0.0
0.0,0.0,1.0,0.0
0.0,0.0,1.0,0.0
-0.4215,0.286,0.714,0.0
0.0,0.0,1.0,0.0
0.0,0.0,1.0,0.0
0.0,0.0,1.0,0.0
0.0,0.0,1.0,0.0
0.0,0.0,1.0,0.0
0.0,0.0,1.0,0.0
0.0,0.0,1.0,0.0
0.0,0.0,1.0,0.0
0.0,0.0,1.0,0.0
0.0,0.0,1.0,0.0
0.3818,0.0,0.809,0.191
0.2732,0.0,0.861,0.139
0.0,0.0,1.0,0.0
0.0,0.0,1.0,0.0
0.0,0.0,1.0,0.0
0.5994,0.0,0.782,0.218
0.0,0.0,1.0,0.0
0.0,0.0,1.0,0.0
0.0,0.0,1.0,0.0
0.0,0.0,1.0,0.0
0.0,0.0,1.0,0.0
0.0,0.0,1.0,0.0
0.0,0.0,1.0,0.0
0.0,0.0,1.0,0.0
-0.2263,0.128,0.872,0.0
0.0,0.0,1.0,0.0
0.0,0.0,1.0,0.0
-0.2263,0.128,0.872,0.0
0.0,0.0,1.0,0.0
0.0,0.0,1.0,0.0
0.0,0.0,1.0,0.0
0.0,0.0,1.0,0.0
0.0,0.0,1.0,0.0
0.0,0.0,1.0,0.0
-0.2732,0.189,0.811,0.0
0.0,0.0,1.0,0.0
0.0,0.0,1.0,0.0
-0.2263,0.112,0.888,0.0
0.0,0.0,1.0,0.0
0.0,0.0,1.0,0.0
0.0,0.0,1.0,0.0
0.4588,0.0,0.85,0.15
0.0,0.0,1.0,0.0
0.0,0.0,1.0,0.0
0.2263,0.0,0.872,0.128
0.0,0.0,1.0,0.0
-0.5423,0.28,0.72,0.0
0.0,0.0,1.0,0.0
0.0,0.0,1.0,0.0
0.2732,0.0,0.861,0.139
0.0,0.0,1.0,0.0
0.5994,0.0,0.562,0.438
0.0,0.0,1.0,0.0
0.0,0.0,1.0,0.0
0.0,0.0,1.0,0.0
0.0,0.0,1.0,0.0
0.0,0.0,1.0,0.0
0.3818,0.0,0.776,0.224
0.0,0.0,1.0,0.0
0.0,0.0,1.0,0.0
0.0,0.0,1.0,0.0
0.0,0.0,1.0,0.0
0.0,0.0,1.0,0.0
0.0,0.0,1.0,0.0
0.0,0.0,1.0,0.0
0.0,0.0,1.0,0.0
0.0,0.0,1.0,0.0
0.0,0.0,1.0,0.0
0.0,0.0,1.0,0.0
-0.4278,0.168,0.832,0.0
0.0,0.0,1.0,0.0
0.0,0.0,1.0,0.0
0.0,0.0,1.0,0.0
0.0,0.0,1.0,0.0
0.2732,0.0,0.792,0.208
0.0,0.0,1.0,0.0
0.0,0.0,1.0,0.0
0.0,0.0,1.0,0.0
-0.2732,0.189,0.811,0.0
0.0,0.0,1.0,0.0
0.0,0.0,1.0,0.0
0.0,0.0,1.0,0.0
0.0,0.0,1.0,0.0
0.0,0.0,1.0,0.0
0.0,0.0,1.0,0.0
0.0,0.0,1.0,0.0
0.0,0.0,1.0,0.0
0.6124,0.101,0.507,0.391
0.0,0.0,1.0,0.0
0.0,0.0,1.0,0.0
0.2263,0.0,0.872,0.128
0.0,0.0,1.0,0.0
0.0,0.0,1.0,0.0
0.0,0.0,1.0,0.0
0.0,0.0,1.0,0.0
0.0,0.0,1.0,0.0
0.0,0.0,1.0,0.0
0.0,0.0,1.0,0.0
0.0,0.0,1.0,0.0
0.3612,0.0,0.857,0.143
0.0,0.0,1.0,0.0
0.0,0.0,1.0,0.0
0.0,0.0,1.0,0.0
0.5267,0.0,0.764,0.236
0.1779,0.0,0.841,0.159
0.0,0.0,1.0,0.0
0.0,0.0,1.0,0.0
0.0,0.0,1.0,0.0
0.0,0.0,1.0,0.0
0.0,0.0,1.0,0.0
0.0,0.0,1.0,0.0
0.0,0.0,1.0,0.0
0.0,0.0,1.0,0.0
0.0,0.0,1.0,0.0
0.0,0.0,1.0,0.0
0.0,0.0,1.0,0.0
0.0,0.0,1.0,0.0
0.0,0.0,1.0,0.0
0.34,0.0,0.844,0.156
0.0,0.0,1.0,0.0
0.0,0.0,1.0,0.0
0.0,0.0,1.0,0.0
0.0,0.0,1.0,0.0
-0.2732,0.189,0.811,0.0
0.0,0.0,1.0,0.0
0.0,0.0,1.0,0.0
0.4404,0.0,0.775,0.225
0.0,0.0,1.0,0.0
0.0,0.0,1.0,0.0
0.0,0.0,1.0,0.0
-0.4215,0.177,0.823,0.0
0.0,0.0,1.0,0.0
0.0,0.0,1.0,0.0
0.0,0.0,1.0,0.0
0.0,0.0,1.0,0.0
-0.0772,0.14,0.86,0.0
0.0,0.0,1.0,0.0
0.0,0.0,1.0,0.0
0.0,0.0,1.0,0.0
-0.5859,0.199,0.72,0.081
0.0,0.0,1.0,0.0
0.0,0.0,1.0,0.0
0.7672,0.114,0.535,0.351
-0.5423,0.28,0.72,0.0
0.0,0.0,1.0,0.0
0.0,0.0,1.0,0.0
0.0,0.0,1.0,0.0
0.0,0.0,1.0,0.0
0.0,0.0,1.0,0.0
0.0,0.0,1.0,0.0
0.0,0.0,1.0,0.0
0.6249,0.0,0.423,0.577
0.0,0.0,1.0,0.0
0.0,0.0,1.0,0.0
0.2716,0.0,0.861,0.139
0.0,0.0,1.0,0.0
0.0,0.0,1.0,0.0
0.0,0.0,1.0,0.0
0.0,0.0,1.0,0.0
0.0,0.0,1.0,0.0
0.0,0.0,1.0,0.0
0.0,0.0,1.0,0.0
0.0,0.0,1.0,0.0
0.0,0.0,1.0,0.0
0.0,0.0,1.0,0.0
0.0,0.0,1.0,0.0
0.0,0.0,1.0,0.0
0.0,0.0,1.0,0.0
-0.2732,0.189,0.811,0.0
0.0,0.0,1.0,0.0
0.2263,0.0,0.872,0.128
0.0,0.0,1.0,0.0
0.2732,0.0,0.89,0.11
-0.0772,0.126,0.874,0.0
-0.5106,0.191,0.809,0.0
-0.0516,0.131,0.75,0.119
0.9194,0.0,0.612,0.388
-0.4404,0.209,0.791,0.0
0.0,0.0,1.0,0.0
0.0,0.0,1.0,0.0
0.296,0.0,0.845,0.155
0.0,0.0,1.0,0.0
0.0,0.0,1.0,0.0
0.0,0.0,1.0,0.0
0.5267,0.0,0.714,0.286
0.0,0.0,1.0,0.0
0.0,0.0,1.0,0.0
0.0,0.0,1.0,0.0
0.0,0.0,1.0,0.0
0.0,0.0,1.0,0.0
-0.4278,0.168,0.832,0.0
0.0,0.0,1.0,0.0
0.0,0.0,1.0,0.0
0.0,0.0,1.0,0.0
0.0,0.0,1.0,0.0
0.5267,0.0,0.714,0.286
-0.7964,0.372,0.628,0.0
0.0,0.0,1.0,0.0
0.296,0.0,0.556,0.444
0.0,0.0,1.0,0.0
0.0,0.0,1.0,0.0
0.0772,0.0,0.894,0.106
0.0,0.0,1.0,0.0
0.0,0.0,1.0,0.0
0.0,0.0,1.0,0.0
-0.2732,0.189,0.811,0.0
0.0,0.0,1.0,0.0
0.0,0.0,1.0,0.0
-0.3182,0.178,0.741,0.081
0.0,0.0,1.0,0.0
0.4404,0.0,0.775,0.225
0.2263,0.0,0.872,0.128
0.0,0.0,1.0,0.0
-0.0772,0.14,0.86,0.0
-0.0516,0.124,0.765,0.112
0.5562,0.0,0.826,0.174
0.3612,0.0,0.72,0.28
0.5106,0.0,0.708,0.292
0.6369,0.0,0.588,0.412
0.0,0.0,1.0,0.0
0.0,0.0,1.0,0.0
0.0,0.0,1.0,0.0
0.0,0.0,1.0,0.0
0.0,0.0,1.0,0.0
0.0,0.0,1.0,0.0
0.0,0.0,1.0,0.0
0.0,0.0,1.0,0.0
0.0,0.0,1.0,0.0
-0.7964,0.372,0.628,0.0
0.0,0.0,1.0,0.0
0.0,0.0,1.0,0.0
0.4215,0.0,0.797,0.203
0.0,0.0,1.0,0.0
0.0,0.0,1.0,0.0
0.6239,0.0,0.843,0.157
0.6124,0.0,0.688,0.313
0.0,0.0,1.0,0.0
0.2023,0.0,0.886,0.114
0.0,0.0,1.0,0.0
0.0,0.0,1.0,0.0
0.0,0.0,1.0,0.0
0.0,0.0,1.0,0.0
0.4404,0.0,0.805,0.195
0.0,0.0,1.0,0.0
0.0,0.0,1.0,0.0
0.0,0.0,1.0,0.0
0.0,0.0,1.0,0.0
0.0,0.0,1.0,0.0
0.0,0.0,1.0,0.0
0.0,0.0,1.0,0.0
0.0,0.0,1.0,0.0
0.0,0.0,1.0,0.0
0.0,0.0,1.0,0.0
0.0,0.0,1.0,0.0
0.0,0.0,1.0,0.0
0.0,0.0,1.0,0.0
0.0,0.0,1.0,0.0
0.0,0.0,1.0,0.0
0.0,0.0,1.0,0.0
0.0,0.0,1.0,0.0
0.0,0.0,1.0,0.0
-0.2732,0.189,0.811,0.0
0.0,0.0,1.0,0.0
0.0,0.0,1.0,0.0
-0.6369,0.512,0.488,0.0
0.0,0.0,1.0,0.0
0.0,0.0,1.0,0.0
0.4404,0.0,0.775,0.225
0.0,0.0,1.0,0.0
-0.2732,0.231,0.769,0.0
0.0,0.0,1.0,0.0
-0.3818,0.289,0.592,0.118
0.0,0.0,1.0,0.0
0.0,0.0,1.0,0.0
0.0,0.0,1.0,0.0
0.0,0.0,1.0,0.0
-0.0516,0.131,0.75,0.119
0.0,0.0,1.0,0.0
0.0,0.0,1.0,0.0
0.0,0.0,1.0,0.0
0.0,0.0,1.0,0.0
0.0,0.0,1.0,0.0
0.0,0.0,1.0,0.0
0.0,0.0,1.0,0.0
0.0,0.0,1.0,0.0
0.0,0.0,1.0,0.0
0.3818,0.0,0.86,0.14
0.0,0.0,1.0,0.0
0.0,0.0,1.0,0.0
0.0,0.0,1.0,0.0
0.0,0.0,1.0,0.0
0.0,0.0,1.0,0.0
0.0,0.0,1.0,0.0
0.5106,0.0,0.784,0.216
-0.34,0.286,0.714,0.0
-0.4019,0.184,0.816,0.0
0.5106,0.0,0.784,0.216
0.0,0.0,1.0,0.0
0.0,0.0,1.0,0.0
0.1027,0.224,0.51,0.265
0.0,0.0,1.0,0.0
0.0,0.0,1.0,0.0
0.0,0.0,1.0,0.0
0.0,0.0,1.0,0.0
0.0,0.0,1.0,0.0
0.0,0.0,1.0,0.0
0.0,0.0,1.0,0.0
0.0,0.0,1.0,0.0
0.0,0.0,1.0,0.0
0.0,0.0,1.0,0.0
0.0,0.0,1.0,0.0
-0.4019,0.184,0.816,0.0
0.0,0.0,1.0,0.0
0.2732,0.0,0.861,0.139
0.5106,0.0,0.798,0.202
0.0,0.0,1.0,0.0
-0.2732,0.189,0.811,0.0
0.0,0.0,1.0,0.0
0.5106,0.0,0.798,0.202
0.0,0.0,1.0,0.0
0.0,0.0,1.0,0.0
-0.2732,0.189,0.811,0.0
0.2263,0.0,0.872,0.128
0.0,0.0,1.0,0.0
0.0,0.0,1.0,0.0
0.0,0.0,1.0,0.0
0.0,0.0,1.0,0.0
-0.2732,0.189,0.811,0.0
0.4926,0.0,0.862,0.138
0.0,0.0,1.0,0.0
0.0,0.0,1.0,0.0
0.0,0.0,1.0,0.0
0.0,0.0,1.0,0.0
0.0,0.0,1.0,0.0
0.3818,0.0,0.867,0.133
0.0,0.0,1.0,0.0
0.0,0.0,1.0,0.0
0.0,0.0,1.0,0.0
0.0,0.0,1.0,0.0
0.0,0.0,1.0,0.0
0.0,0.0,1.0,0.0
-0.4199,0.259,0.741,0.0
0.0,0.0,1.0,0.0
0.0,0.0,1.0,0.0
0.0,0.0,1.0,0.0
0.6369,0.0,0.781,0.219
0.0,0.0,1.0,0.0
0.0,0.0,1.0,0.0
-0.4466,0.211,0.789,0.0
0.0,0.0,1.0,0.0
0.0,0.0,1.0,0.0
0.0,0.0,1.0,0.0
0.34,0.0,0.806,0.194
0.2263,0.0,0.872,0.128
0.0,0.0,1.0,0.0
0.0,0.0,1.0,0.0
0.0,0.0,1.0,0.0
-0.2732,0.189,0.811,0.0
0.0,0.0,1.0,0.0
-0.0516,0.131,0.75,0.119
0.7269,0.0,0.697,0.303
0.0,0.0,1.0,0.0
0.3818,0.0,0.776,0.224
0.0,0.0,1.0,0.0
0.4466,0.0,0.827,0.173
0.0,0.0,1.0,0.0
0.0,0.0,1.0,0.0
0.0,0.0,1.0,0.0
0.0,0.0,1.0,0.0
0.0,0.0,1.0,0.0
0.0,0.0,1.0,0.0
0.0,0.0,1.0,0.0
0.0,0.0,1.0,0.0
0.0,0.0,1.0,0.0
0.0,0.0,1.0,0.0
0.0,0.0,1.0,0.0
0.3182,0.0,0.796,0.204
0.2263,0.102,0.73,0.168
0.5423,0.0,0.757,0.243
0.0,0.0,1.0,0.0
0.0,0.0,1.0,0.0
0.0,0.0,1.0,0.0
0.0,0.0,1.0,0.0
0.0,0.0,1.0,0.0
0.0,0.0,1.0,0.0
0.0,0.0,1.0,0.0
0.0,0.0,1.0,0.0
0.0,0.0,1.0,0.0
0.5267,0.0,0.764,0.236
0.0,0.0,1.0,0.0
0.0,0.0,1.0,0.0
0.0,0.0,1.0,0.0
0.0,0.0,1.0,0.0
0.6486,0.0,0.629,0.371
0.0,0.0,1.0,0.0
0.0,0.0,1.0,0.0
0.0,0.0,1.0,0.0
0.0,0.0,1.0,0.0
-0.1027,0.063,0.938,0.0
0.0,0.0,1.0,0.0
0.3818,0.0,0.776,0.224
0.0,0.0,1.0,0.0
0.0,0.0,1.0,0.0
-0.1027,0.063,0.938,0.0
0.0,0.0,1.0,0.0
-0.2732,0.189,0.811,0.0
0.0,0.0,1.0,0.0
0.0,0.0,1.0,0.0
-0.6249,0.406,0.594,0.0
0.5562,0.0,0.807,0.193
0.0,0.0,1.0,0.0
0.0,0.0,1.0,0.0
0.0,0.0,1.0,0.0
0.0,0.0,1.0,0.0
-0.2263,0.112,0.888,0.0
0.0,0.0,1.0,0.0
0.0,0.0,1.0,0.0
0.0,0.0,1.0,0.0
0.0,0.0,1.0,0.0
-0.0772,0.14,0.86,0.0
0.2263,0.0,0.872,0.128
0.0,0.0,1.0,0.0
0.0,0.0,1.0,0.0
0.0,0.0,1.0,0.0
0.2023,0.0,0.899,0.101
0.0299,0.175,0.641,0.184
-0.0516,0.131,0.75,0.119
0.0,0.0,1.0,0.0
0.0,0.0,1.0,0.0
0.0,0.0,1.0,0.0
0.0,0.0,1.0,0.0
0.0,0.0,1.0,0.0
0.807,0.0,0.658,0.342
0.0,0.0,1.0,0.0
0.0,0.0,1.0,0.0
0.807,0.0,0.658,0.342
-0.1027,0.167,0.833,0.0
0.0,0.0,1.0,0.0
0.0,0.0,1.0,0.0
0.0,0.0,1.0,0.0
-0.2263,0.128,0.872,0.0
0.0,0.0,1.0,0.0
0.0,0.0,1.0,0.0
-0.2263,0.128,0.872,0.0
0.4515,0.0,0.772,0.228
0.0,0.0,1.0,0.0
0.0,0.0,1.0,0.0
0.5827,0.0,0.761,0.239
0.7717,0.0,0.661,0.339
0.7717,0.0,0.661,0.339
0.0,0.0,1.0,0.0
0.0,0.0,1.0,0.0
-0.2263,0.112,0.888,0.0
0.0,0.0,1.0,0.0
0.4515,0.0,0.772,0.228
0.0,0.0,1.0,0.0
0.0,0.0,1.0,0.0
0.0,0.0,1.0,0.0
0.7717,0.0,0.661,0.339
0.0,0.0,1.0,0.0
0.807,0.0,0.658,0.342
0.0,0.0,1.0,0.0
0.7717,0.0,0.661,0.339
0.2732,0.074,0.794,0.132
-0.2732,0.189,0.811,0.0
0.7717,0.0,0.661,0.339
0.2732,0.074,0.794,0.132
0.2732,0.0,0.704,0.296
0.0,0.0,1.0,0.0
0.2732,0.074,0.794,0.132
0.0,0.0,1.0,0.0
0.7717,0.0,0.661,0.339
0.7717,0.0,0.661,0.339
0.2263,0.0,0.872,0.128
0.0,0.0,1.0,0.0
0.4515,0.0,0.772,0.228
0.807,0.0,0.658,0.342
0.0,0.0,1.0,0.0
0.0,0.0,1.0,0.0
0.0,0.0,1.0,0.0
-0.5423,0.28,0.72,0.0
0.0,0.0,1.0,0.0
0.0,0.0,1.0,0.0
0.4019,0.0,0.816,0.184
0.0,0.0,1.0,0.0
0.0,0.0,1.0,0.0
0.0,0.0,1.0,0.0
0.0,0.0,1.0,0.0
0.0,0.0,1.0,0.0
0.0,0.0,1.0,0.0
0.0,0.0,1.0,0.0
0.0,0.0,1.0,0.0
0.0,0.0,1.0,0.0
0.0,0.0,1.0,0.0
-0.4939,0.262,0.738,0.0
0.0,0.0,1.0,0.0
0.0,0.0,1.0,0.0
0.0,0.0,1.0,0.0
0.0,0.0,1.0,0.0
0.0,0.0,1.0,0.0
0.0,0.0,1.0,0.0
0.0,0.0,1.0,0.0
0.0,0.0,1.0,0.0
0.0,0.0,1.0,0.0
0.4404,0.0,0.719,0.281
0.0,0.0,1.0,0.0
0.0,0.0,1.0,0.0
0.0,0.0,1.0,0.0
0.0,0.0,1.0,0.0
0.0,0.0,1.0,0.0
0.0,0.0,1.0,0.0
-0.2732,0.189,0.811,0.0
0.0,0.0,1.0,0.0
0.0,0.0,1.0,0.0
0.0,0.0,1.0,0.0
0.0,0.0,1.0,0.0
0.0,0.0,1.0,0.0
0.0,0.0,1.0,0.0
0.6705,0.0,0.649,0.351
0.0,0.0,1.0,0.0
0.0,0.0,1.0,0.0
0.0,0.0,1.0,0.0
0.2263,0.0,0.872,0.128
0.0,0.0,1.0,0.0
0.0,0.0,1.0,0.0
0.0,0.0,1.0,0.0
0.0,0.0,1.0,0.0
0.0,0.0,1.0,0.0
0.0,0.0,1.0,0.0
0.0,0.0,1.0,0.0
0.0,0.0,1.0,0.0
0.0,0.0,1.0,0.0
0.0,0.0,1.0,0.0
0.0,0.0,1.0,0.0
0.0,0.0,1.0,0.0
0.0,0.0,1.0,0.0
0.0,0.0,1.0,0.0
0.0,0.0,1.0,0.0
0.0,0.0,1.0,0.0
0.0,0.0,1.0,0.0
0.0,0.0,1.0,0.0
0.0,0.0,1.0,0.0
0.0,0.0,1.0,0.0
0.0,0.0,1.0,0.0
0.0,0.0,1.0,0.0
-0.4404,0.293,0.707,0.0
0.0,0.0,1.0,0.0
0.0,0.0,1.0,0.0
0.0,0.0,1.0,0.0
0.0,0.0,1.0,0.0
0.0,0.0,1.0,0.0
0.0,0.0,1.0,0.0
-0.2732,0.189,0.811,0.0
-0.4019,0.153,0.847,0.0
0.0,0.0,1.0,0.0
-0.0772,0.14,0.86,0.0
0.0,0.0,1.0,0.0
-0.4404,0.209,0.791,0.0
-0.5574,0.375,0.625,0.0
0.0,0.0,1.0,0.0
0.0,0.0,1.0,0.0
0.0,0.0,1.0,0.0
0.0,0.0,1.0,0.0
0.5562,0.0,0.826,0.174
0.3382,0.0,0.77,0.23
0.6124,0.0,0.737,0.263
0.2263,0.0,0.872,0.128
0.0,0.0,1.0,0.0
0.0,0.0,1.0,0.0
0.6124,0.0,0.737,0.263
0.0,0.0,1.0,0.0
0.0,0.0,1.0,0.0
0.0,0.0,1.0,0.0
0.0,0.0,1.0,0.0
0.5562,0.0,0.661,0.339
0.0,0.0,1.0,0.0
0.0,0.0,1.0,0.0
0.0,0.0,1.0,0.0
0.0,0.0,1.0,0.0
0.0,0.0,1.0,0.0
0.0,0.0,1.0,0.0
0.0,0.0,1.0,0.0
0.0,0.0,1.0,0.0
0.4389,0.0,0.757,0.243
0.0,0.0,1.0,0.0
0.0,0.0,1.0,0.0
0.0,0.0,1.0,0.0
0.0,0.0,1.0,0.0
0.0,0.0,1.0,0.0
0.4389,0.0,0.757,0.243
0.0,0.0,1.0,0.0
0.0,0.0,1.0,0.0
0.0,0.0,1.0,0.0
0.0,0.0,1.0,0.0
0.0,0.0,1.0,0.0
0.0,0.0,1.0,0.0
0.0,0.0,1.0,0.0
-0.1759,0.174,0.7,0.126
0.802,0.068,0.541,0.392
-0.2732,0.189,0.811,0.0
0.0,0.0,1.0,0.0
0.7003,0.0,0.734,0.266
0.0,0.0,1.0,0.0
0.0,0.0,1.0,0.0
0.2263,0.0,0.872,0.128
0.7003,0.0,0.734,0.266
0.8682,0.0,0.635,0.365
0.5562,0.0,0.661,0.339
0.0,0.0,1.0,0.0
0.0,0.0,1.0,0.0
0.0,0.0,1.0,0.0
0.4767,0.0,0.795,0.205
-0.0516,0.131,0.75,0.119
0.7734,0.0,0.676,0.324
0.0,0.0,1.0,0.0
-0.5423,0.28,0.72,0.0
0.0,0.0,1.0,0.0
0.0,0.0,1.0,0.0
0.0,0.0,1.0,0.0
0.5562,0.0,0.661,0.339
0.0,0.0,1.0,0.0
0.0,0.0,1.0,0.0
0.357,0.0,0.816,0.184
0.0,0.0,1.0,0.0
0.0,0.0,1.0,0.0
-0.3595,0.161,0.839,0.0
0.357,0.0,0.829,0.171
0.0,0.0,1.0,0.0
0.0,0.0,1.0,0.0
0.0,0.0,1.0,0.0
0.357,0.0,0.829,0.171
0.0,0.0,1.0,0.0
0.0,0.0,1.0,0.0
0.0,0.0,1.0,0.0
0.0,0.0,1.0,0.0
0.0,0.0,1.0,0.0
0.0,0.0,1.0,0.0
0.0,0.0,1.0,0.0
0.0,0.0,1.0,0.0
0.0,0.0,1.0,0.0
0.0,0.0,1.0,0.0
0.0,0.0,1.0,0.0
0.0,0.0,1.0,0.0
0.0,0.0,1.0,0.0
0.0,0.0,1.0,0.0
0.0,0.0,1.0,0.0
0.2023,0.0,0.847,0.153
0.0,0.0,1.0,0.0
-0.2732,0.189,0.811,0.0
0.0,0.0,1.0,0.0
0.0,0.0,1.0,0.0
0.0,0.0,1.0,0.0
0.0,0.0,1.0,0.0
0.0,0.0,1.0,0.0
0.0,0.0,1.0,0.0
0.4263,0.0,0.809,0.191
-0.7269,0.357,0.643,0.0
0.2263,0.0,0.872,0.128
-0.2462,0.124,0.876,0.0
0.357,0.0,0.816,0.184
0.0,0.0,1.0,0.0
0.0,0.0,1.0,0.0
0.0,0.0,1.0,0.0
-0.5423,0.28,0.72,0.0
0.0,0.0,1.0,0.0
0.2732,0.0,0.877,0.123
0.0,0.0,1.0,0.0
0.0,0.0,1.0,0.0
0.0,0.0,1.0,0.0
-0.128,0.143,0.857,0.0
0.0,0.0,1.0,0.0
0.0,0.0,1.0,0.0
0.0,0.0,1.0,0.0
0.8934,0.0,0.506,0.494
0.0,0.0,1.0,0.0
0.0258,0.166,0.662,0.172
0.0,0.0,1.0,0.0
0.4003,0.112,0.664,0.224
0.0,0.0,1.0,0.0
0.4404,0.0,0.756,0.244
0.0,0.0,1.0,0.0
0.0,0.0,1.0,0.0
0.2263,0.0,0.888,0.112
0.0,0.0,1.0,0.0
0.4404,0.0,0.707,0.293
0.6486,0.0,0.675,0.325
0.0,0.0,1.0,0.0
0.0,0.0,1.0,0.0
0.0,0.0,1.0,0.0
0.0,0.0,1.0,0.0
-0.1027,0.135,0.865,0.0
0.0,0.0,1.0,0.0
0.0,0.0,1.0,0.0
0.0,0.0,1.0,0.0
0.0,0.0,1.0,0.0
0.2263,0.0,0.872,0.128
0.0,0.0,1.0,0.0
0.0,0.0,1.0,0.0
0.0,0.0,1.0,0.0
-0.2732,0.189,0.811,0.0
0.0,0.0,1.0,0.0
-0.0516,0.131,0.75,0.119
0.0,0.0,1.0,0.0
0.0,0.0,1.0,0.0
0.0,0.0,1.0,0.0
0.6908,0.0,0.737,0.263
0.0,0.0,1.0,0.0
0.0,0.0,1.0,0.0
-0.5423,0.28,0.72,0.0
0.0,0.0,1.0,0.0
0.0,0.0,1.0,0.0
0.0,0.0,1.0,0.0
0.0,0.0,1.0,0.0
0.0,0.0,1.0,0.0
0.6908,0.0,0.737,0.263
0.0,0.0,1.0,0.0
0.0,0.0,1.0,0.0
0.0,0.0,1.0,0.0
0.0,0.0,1.0,0.0
0.0,0.0,1.0,0.0
-0.128,0.143,0.857,0.0
0.0,0.0,1.0,0.0
0.0,0.0,1.0,0.0
0.0,0.0,1.0,0.0
0.0,0.0,1.0,0.0
0.0,0.0,1.0,0.0
0.0,0.0,1.0,0.0
0.0,0.0,1.0,0.0
0.0,0.0,1.0,0.0
0.0,0.0,1.0,0.0
0.0,0.0,1.0,0.0
-0.2732,0.189,0.811,0.0
0.0,0.0,1.0,0.0
0.0,0.0,1.0,0.0
0.0,0.0,1.0,0.0
0.0,0.0,1.0,0.0
0.4404,0.0,0.775,0.225
0.0,0.0,1.0,0.0
0.0,0.0,1.0,0.0
0.0,0.0,1.0,0.0
0.0,0.0,1.0,0.0
0.0,0.0,1.0,0.0
0.0,0.0,1.0,0.0
0.0,0.0,1.0,0.0
0.0,0.0,1.0,0.0
-0.4364,0.138,0.862,0.0
0.0,0.0,1.0,0.0
0.0,0.0,1.0,0.0
0.0,0.0,1.0,0.0
0.0,0.0,1.0,0.0
0.0,0.0,1.0,0.0
0.624,0.0,0.83,0.17
0.0,0.0,1.0,0.0
0.0,0.0,1.0,0.0
0.0,0.0,1.0,0.0
0.0,0.0,1.0,0.0
0.0,0.0,1.0,0.0
0.0,0.0,1.0,0.0
-0.128,0.143,0.857,0.0
0.0,0.0,1.0,0.0
0.0,0.0,1.0,0.0
0.0,0.0,1.0,0.0
0.0,0.0,1.0,0.0
0.0,0.0,1.0,0.0
0.0,0.0,1.0,0.0
0.0,0.0,1.0,0.0
0.0,0.0,1.0,0.0
-0.2732,0.189,0.811,0.0
0.0,0.0,1.0,0.0
0.0,0.0,1.0,0.0
0.0,0.0,1.0,0.0
0.0,0.0,1.0,0.0
0.0,0.0,1.0,0.0
0.7213,0.0,0.759,0.241
0.8126,0.0,0.637,0.363
0.0,0.0,1.0,0.0
0.0,0.0,1.0,0.0
0.0,0.0,1.0,0.0
0.0,0.0,1.0,0.0
0.0,0.0,1.0,0.0
0.2263,0.0,0.872,0.128
0.4404,0.0,0.775,0.225
0.0,0.0,1.0,0.0
0.0,0.0,1.0,0.0
-0.5423,0.28,0.72,0.0
0.0,0.0,1.0,0.0
0.3804,0.0,0.796,0.204
-0.5106,0.268,0.732,0.0
0.0,0.0,1.0,0.0
0.0,0.0,1.0,0.0
0.0,0.0,1.0,0.0
0.0,0.0,1.0,0.0
-0.4389,0.182,0.818,0.0
0.0,0.0,1.0,0.0
0.0,0.0,1.0,0.0
0.0,0.0,1.0,0.0
0.0,0.0,1.0,0.0
0.0,0.0,1.0,0.0
-0.5994,0.262,0.738,0.0
0.0,0.0,1.0,0.0
0.0,0.0,1.0,0.0
-0.128,0.143,0.857,0.0
0.0,0.0,1.0,0.0
0.0,0.0,1.0,0.0
0.0,0.0,1.0,0.0
-0.5994,0.245,0.755,0.0
0.0,0.0,1.0,0.0
0.0,0.0,1.0,0.0
0.2023,0.19,0.493,0.317
-0.2263,0.112,0.888,0.0
0.0,0.0,1.0,0.0
0.0,0.0,1.0,0.0
0.0,0.0,1.0,0.0
0.0,0.0,1.0,0.0
0.0,0.0,1.0,0.0
0.0,0.0,1.0,0.0
0.0,0.0,1.0,0.0
0.0,0.0,1.0,0.0
0.0,0.0,1.0,0.0
0.0,0.0,1.0,0.0
0.0,0.0,1.0,0.0
0.0,0.0,1.0,0.0
-0.5423,0.28,0.72,0.0
0.0,0.0,1.0,0.0
0.0,0.0,1.0,0.0
0.296,0.0,0.732,0.268
0.0,0.0,1.0,0.0
0.0,0.0,1.0,0.0
0.4926,0.0,0.842,0.158
0.0,0.0,1.0,0.0
0.8682,0.0,0.635,0.365
0.0,0.0,1.0,0.0
0.8398,0.0,0.591,0.409
0.0,0.0,1.0,0.0
0.0,0.0,1.0,0.0
0.0,0.0,1.0,0.0
0.0,0.0,1.0,0.0
0.0,0.0,1.0,0.0
0.0,0.0,1.0,0.0
0.0,0.0,1.0,0.0
0.0,0.0,1.0,0.0
0.0,0.0,1.0,0.0
0.0,0.0,1.0,0.0
-0.128,0.143,0.857,0.0
0.0,0.0,1.0,0.0
0.0,0.0,1.0,0.0
0.0,0.0,1.0,0.0
0.0,0.0,1.0,0.0
0.0,0.0,1.0,0.0
0.0,0.0,1.0,0.0
0.0,0.0,1.0,0.0
0.0,0.0,1.0,0.0
0.0,0.0,1.0,0.0
0.0,0.0,1.0,0.0
0.0,0.0,1.0,0.0
0.0,0.0,1.0,0.0
-0.124,0.201,0.643,0.156
0.0,0.0,1.0,0.0
0.0,0.0,1.0,0.0
0.0,0.0,1.0,0.0
0.0,0.0,1.0,0.0
0.0,0.0,1.0,0.0
0.6486,0.0,0.531,0.469
0.0,0.0,1.0,0.0
0.0,0.0,1.0,0.0
0.0,0.0,1.0,0.0
0.0,0.0,1.0,0.0
0.0,0.0,1.0,0.0
0.0,0.0,1.0,0.0
0.0,0.0,1.0,0.0
0.34,0.0,0.821,0.179
0.0,0.0,1.0,0.0
0.4019,0.0,0.838,0.162
0.0,0.0,1.0,0.0
0.0,0.0,1.0,0.0
0.0,0.0,1.0,0.0
0.0,0.0,1.0,0.0
0.0,0.0,1.0,0.0
-0.2732,0.104,0.896,0.0
-0.0516,0.153,0.706,0.141
-0.128,0.143,0.857,0.0
0.0,0.0,1.0,0.0
0.0,0.0,1.0,0.0
0.0,0.0,1.0,0.0
0.0,0.0,1.0,0.0
0.0,0.0,1.0,0.0
0.0,0.0,1.0,0.0
0.0,0.0,1.0,0.0
0.0,0.0,1.0,0.0
0.7003,0.0,0.58,0.42
0.6482,0.0,0.718,0.282
-0.1027,0.169,0.692,0.138
0.0,0.0,1.0,0.0
0.0,0.0,1.0,0.0
0.0,0.0,1.0,0.0
0.4005,0.0,0.839,0.161
0.0,0.0,1.0,0.0
0.0,0.0,1.0,0.0
0.0,0.0,1.0,0.0
0.0,0.0,1.0,0.0
0.0,0.0,1.0,0.0
-0.0516,0.186,0.643,0.171
0.0,0.0,1.0,0.0
0.0,0.0,1.0,0.0
0.0,0.0,1.0,0.0
0.0,0.0,1.0,0.0
0.0,0.0,1.0,0.0
-0.2732,0.189,0.811,0.0
0.1486,0.085,0.766,0.149
0.0,0.0,1.0,0.0
0.6124,0.0,0.688,0.313
0.0,0.0,1.0,0.0
0.0,0.0,1.0,0.0
0.0,0.0,1.0,0.0
-0.5719,0.37,0.63,0.0
0.34,0.0,0.821,0.179
0.0,0.0,1.0,0.0
0.0,0.0,1.0,0.0
0.0,0.0,1.0,0.0
0.0,0.0,1.0,0.0
0.0,0.0,1.0,0.0
0.0,0.0,1.0,0.0
-0.3885,0.18,0.82,0.0
0.0,0.0,1.0,0.0
0.0,0.0,1.0,0.0
-0.128,0.143,0.857,0.0
0.0,0.0,1.0,0.0
0.2023,0.0,0.886,0.114
0.0,0.0,1.0,0.0
0.0,0.0,1.0,0.0
0.0,0.0,1.0,0.0
0.0,0.0,1.0,0.0
0.0,0.0,1.0,0.0
0.0,0.0,1.0,0.0
0.0,0.0,1.0,0.0
0.0,0.0,1.0,0.0
0.4003,0.0,0.803,0.197
-0.694,0.411,0.436,0.153
0.0,0.0,1.0,0.0
0.0,0.0,1.0,0.0
0.0,0.0,1.0,0.0
0.4404,0.0,0.775,0.225
-0.0258,0.091,0.909,0.0
0.0,0.0,1.0,0.0
0.0,0.0,1.0,0.0
-0.2732,0.123,0.877,0.0
0.0,0.0,1.0,0.0
0.4374,0.0,0.634,0.366
0.0,0.0,1.0,0.0
0.0,0.0,1.0,0.0
0.0,0.0,1.0,0.0
-0.186,0.242,0.577,0.181
0.0,0.0,1.0,0.0
0.4466,0.172,0.529,0.3
-0.2732,0.189,0.811,0.0
0.0,0.0,1.0,0.0
0.0,0.0,1.0,0.0
0.0,0.0,1.0,0.0
